2060.07	2049.16	2018.42	2082.83	2103.66	2065.64	
193.761 176.788 181.303 183.54  187.644 197.348 

thr  2586.69, 2511.54, 2487.4,  2591.24, 2620.62, 2606.23,10000, 10000

ch=0 634.5   634.5   634.5   609.5   634.5   634.5   609.5   609.5   609.5   609.5   
ch=1 684.5   684.5   684.5   684.5   684.5   684.5   659.5   684.5   659.5   684.5   
ch=2 709.5   684.5   684.5   684.5   684.5   659.5   659.5   659.5   659.5   634.5   
ch=3 709.5   709.5   684.5   684.5   684.5   684.5   684.5   684.5   684.5   684.5   
ch=4 797     797     797     797     797     797     797     797     797     797   
ch=5 797     797     797     797     797     797     797     797     797    747   

ch=0 2734.5   2234.5   1984.5   1984.5   1622     1422   1334.5   1184.5   1109.5   1259.5   
ch=1 2609.5   2109.5   1859.5   1622     1622     1522   1422   1334.5   1334.5   1184.5   
ch=2 2484.5   2234.5   1859.5   1734.5   1522     1522   1422   1259.5   1184.5   1109.5   
ch=3 4047     3609.5   2859.5   2609.5   2359.5   2109.5   1984.5   1859.5   1734.5   1622   
ch=1 1622     1334.5   1422     1334.5   1259.5   1334.5   1422     1184.5   1259.5   1422   
ch=0 1259.5   1047     997      1109.5   947      897      897      747      747      709.5   
ch=3 5984.5   5047     4047     3609.5   3109.5   2734.5   2484.5   2234.5   2234.5   1984.5   
ch=4 1184.5   1109.5   997      997      947      897      897      897      897      847   
ch=5 1109.5   997   947   997   947   947   897   897   847   847   
ch=3 1184.5   997   947   947   897   847   847   847   797   797   
ch=0 1184.5   1109.5   1047   1047   997   947   897   897   897   897   
ch=1 1422   1334.5   1184.5   1109.5   1047   1047   947   897   947   947   
ch=2 1422   1334.5   1259.5   1109.5   1109.5   1047   947   947   897   847   
ch=3 1184.5   1109.5   1109.5   1047   997   947   897   897   897   997   
ch=5 1184.5   1109.5   997   947   897   897   797   797   797   797   
ch=0 1984.5   1622   1734.5   1422   1334.5   1334.5   1184.5   1109.5   1184.5   1109.5   
ch=1 4047   3484.5   3234.5   2984.5   2609.5   2359.5   1984.5   1984.5   1734.5   1734.5   
ch=2 3797   3234.5   2984.5   2484.5   2234.5   2109.5   2109.5   1734.5   1334.5   1734.5   
ch=3 3609.5   3109.5   2484.5   2234.5   1984.5   1859.5   1734.5   1622   1622   1422   
ch=4 9984.5   9984.5   8172   5609.5   4297   3484.5   2734.5   2234.5   1984.5   1859.5   
ch=5 9984.5   7672   4797   3484.5   2859.5   2359.5   1984.5   1734.5   1522   1334.5   

Acceptance: [-5,5]
Total evts in chain       : 1035588
Proceeded evts            : 100000
Triggered evts            : 60901
T2 active (not selecting) : 38334
Active (!bptx quiet)      : 60901
No PU vertices            : 58234
Good FSC evt              : 57378
	sd- candidates          : 4100		sd+ candidates      : 5347
0<= |deta| < 1		720		744
1<= |deta| < 2		175		257
2<= |deta| < 3		94		168
3<= |deta| < 4		85		247
4<= |deta| < 5		64		235
5<= |deta| < 6		61		261
6<= |deta| < 7		85		325
7<= |deta| < 8		44		192
8<= |deta| < 9		164		705
9<= |deta| < 10		297		691
10<= |deta| < 11		2311		1522

